4401
1748
3381
6265
6988
6683
9855
9323
9579
8124
1919
5185
7711
1981
270
7365
980
6310
1400
1464
6368
1448
2796
49
9686
7837
2887
7365
2451
8869
5580
804
6049
7895
3959
4291
2386
5629
194
7271
406
6639
9056
1790
826
1350
545
9366
7228
3049
3120
8749
254
7720
2737
5490
3067
8278
4505
4310
475
3699
3144
5655
1133
7891
5627
8546
2126
2769
4391
2849
7871
4902
2342
5440
778
5375
1489
6385
9380
8042
5515
3200
762
2235
2837
3568
8031
2154
770
9452
289
6681
3334
8433
2126
142
4885
1358
1991
6689
9310
8861
3966
8375
9818
3182
5468
9768
7510
5864
4156
9979
7839
6355
955
6373
2865
1319
2525
2904
3737
9576
5698
9994
2262
2939
8496
2214
2588
8986
7151
4609
4051
7785
6253
8479
4059
955
9591
2632
5511
8089
2580
6712
6714
2519
3251
9058
2999
5691
7693
2744
8320
7009
7581
9931
2019
3874
1946
6469
602
4916
2722
5832
6922
7881
3734
3854
9450
2514
5813
3528
2479
7916
6474
2147
4035
3302
1226
1458
2038
903
4989
5180
821
9784
6316
7215
9510
9807
4164
8201
950
5644
6818
7691
4894
1788
5220
4122
1966
840
8461
5049
5574
8999
7453
5623
7367
4664
3924
4182
8117
8294
5798
14
9955
4309
6719
9826
7797
8660
7065
6269
7466
8975
6114
3995
5567
7635
200
6143
1443
2055
9696
6893
4715
521
8415
3802
2847
6449
2663
6977
1917
8680
3554
855
373
528
5468
8323
9929
5685
5533
6230
9941
4807
3898
5977
1633
2637
2211
2778
6353
1845
8198
2434
7670
6422
7542
5048
586
4434
340
924
2381
7204
8363
5130
8689
9594
1042
3664
5288
3939
2667
5979
777
8427
629
5743
7839
9204
4704
4145
1085
4369
349
7795
7643
7125
4787
6317
2566
4864
3241
3137
4926
693
4118
6590
2007
4027
6147
7529
8422
7269
7524
3878
4138
6302
6994
2214
447
3544
9419
1384
5713
3678
3915
3419
3360
3766
873
2540
3042
1498
5343
3961
2152
7511
8120
326
8943
389
2651
5143
384
5785
5367
9396
7596
4364
9463
9581
9203
6763
7249
2913
8276
7631
4223
8143
1661
4925
8786
8505
1443
5143
5124
6667
7062
9908
3196
272
3152
4440
9013
600
2570
3841
404
6240
6285
8810
8350
8244
1793
8472
1610
3185
9553
4311
2847
5771
2583
5851
7769
3245
7770
5704
4871
9649
8770
8880
2320
9220
9355
8814
218
4678
3057
513
1033
7990
9551
9385
8364
8268
810
2889
4312
3957
338
942
8790
4143
6951
190
9814
6924
502
6717
2481
1125
712
1519
5731
1327
1862
3178
205
5173
5442
2577
7592
6236
103
5178
1669
5322
3216
7442
3928
8040
1212
5300
2162
6708
6468
4218
8659
216
6988
2396
5774
6330
1367
866
550
7125
5598
6899
6801
9710
177
9990
2593
1213
5659
2912
3440
9131
2306
3875
6660
5564
4825
9636
364
6602
6296
3566
1282
6197
6355
7169
9294
7215
7462
8267
2904
1032
9629
4214
9153
1071
8409
3863
3476
4930
3101
7732
9919
4422
2168
1849
9713
2737
667
7088
6770
3209
151
2449
1893
4724
4905
7723
3620
4645
9686
8224
2543
1361
3187
1892
7656
5017
8319
6947
7848
6814
5127
6500
8974
4373
4647
5045
7159
3104
2343
598
1908
1247
7888
5395
8431
9323
4014
7544
7172
3096
907
5750
9955
2829
4195
9400
6391
610
3955
6604
1225
1836
9393
3585
3151
6556
8812
9771
8310
1307
7352
4326
7141
2326
5586
1473
1556
6570
535
3954
514
7850
6883
6223
5991
1568
294
1573
8051
3033
6578
293
7284
1151
174
9153
5236
1388
2912
6063
8587
9346
9356
7572
850
9034
8142
1023
6142
7984
9699
7660
3166
4697
9473
7736
3984
2634
2367
3776
1373
8915
8492
3542
599
5233
2506
9957
6308
3080
8844
1287
2885
5336
2964
1183
7113
1498
4354
4881
5275
4400
512
4787
2905
2127
2350
5956
4362
18
563
9571
1073
4153
9386
429
1888
9505
8840
2633
6297
3077
9112
6247
1448
4769
999
6476
6892
6463
4511
6113
6744
2865
3659
1425
7578
6030
9217
1473
1773
9154
2826
884
276
4233
5169
6561
5761
2479
8193
9483
7039
6012
6296
3783
8233
4274
4281
6654
1708
8861
479
4238
2038
6014
1899
667
9402
6893
4519
9656
4703
1929
5917
670
5448
7052
9314
4554
958
6389
7797
6773
7837
8152
5006
9881
1784
7876
3894
716
9827
5887
8293
1960
7835
3962
2974
2148
1776
9498
6651
3006
7594
4195
8941
8079
3825
8243
6688
2008
3096
323
7249
5523
3512
8342
6355
7270
8595
5755
5971
9879
4940
3566
3240
4395
2
8682
5001
4091
8585
5118
3679
6007
5462
5776
9373
6124
3348
8993
9895
1986
9914
5863
5163
4794
4962
1457
4912
1529
8986
5505
8960
6493
7346
5829
7450
802
86
896
4378
7846
6006
6215
1546
2484
1021
2979
1583
1844
5094
6370
8113
5997
9015
5215
8320
7482
2223
4345
8173
9692
5468
5899
3407
5453
7633
6084
9982
8806
4309
9454
6180
4929
6817
3635
4789
5454
4296
3604
7859
8972
8206
6141
8431
9468
8112
1847
3316
8610
16
4277
8518
1347
3610
3142
4226
8121
2857
1290
9415
1132
5060
3224
7064
6566
7202
6309
9749
9480
4746
4452
1935
3101
7326
8097
9687
9728
7773
3621
716
6115
5814
9893
7680
2243
5416
9636
5478
8737
5229
8525
8931
4831
4893
5474
664
5731
6058
3449
287
5521
5883
1339
5017
9347
2528
3874
8806
6484
6660
8431
1703
4146
391
4649
3700
392
5185
5234
7643
3337
3291
4064
3907
3010
3019
755
5499
1689
6802
9244
5994
8294
2389
1601
4305
2522
1744
7277
9639
4798
9279
2334
7226
8845
882
2766
397
4675
7887
1008
7400
1171
5603
4947
2002
9059
4300
4290
5363
7038
1678
58
2907
6118
9737
9105
4024
9790
5704
7100
4299
569
6223
190
9655
6648
6340
7676
9327
5941
29
5501
9897
8615
6920
3052
5745
3380
742
3857
2237
7248
8560
4127
6716
3275
6309
1761
8942
5844
5361
2449
7001
8510
6912
8790
6927
5071
5792
2969
4248
615
3023
3490
3532
5590
6875
1669
7619
2614
5493
4172
1679
2702
266
3756
8486
4857
8017
1530
401
563
1825
565
398
2625
4842
2496
9200
5999
8793
5841
8079
6798
9059
7247
7222
4476
1164
4570
7657
1374
9333
3776
732
3238
6356
20
2861
4125
5419
6933
4842
9182
8795
7145
4420
9189
5327
1373
7999
1484
8489
3040
2370
2873
9471
297
186
1531
5222
7584
3520
6469
9671
4418
8319
5190
7447
9953
8783
2362
3343
8064
4826
4959
7489
9166
7611
2229
5743
1828
7872
2027
7166
9317
9258
8608
5606
3677
4212
802
409
2666
3094
3633
2036
2941
8147
929
2011
6255
2700
1220
3000
4095
2566
4338
4079
206
967
1496
8274
9738
537
7377
4312
8366
5932
8759
2197
4698
8440
548
2690
4472
9573
6758
4076
5669
4107
902
5690
9483
4285
7583
6608
3290
5945
4618
9619
8266
4276
2949
5153
6089
1530
9818
7172
6281
1599
9172
3226
8204
6633
2150
3816
9429
9045
9616
2047
5285
8173
8178
3097
2748
4642
914
4508
5511
7050
4116
2478
6094
4953
1734
6408
5112
9361
9960
3806
7493
6941
5390
299
330
6953
1528
5008
7310
587
92
9810
224
801
5482
2125
8917
7024
3111
4787
7234
3188
4837
3272
4005
9380
7657
107
4914
7162
5032
8640
3226
6083
3754
3511
4765
4236
3061
3136
5304
8846
6910
325
6551
3833
4742
753
305
45
859
5393
9049
419
7636
2296
5204
6741
3167
5100
617
6834
9671
532
2438
1056
5008
4819
1509
4771
5998
9400
4590
9129
8866
9645
2350
5896
9128
6353
878
3389
484
8756
5680
9578
9885
9454
3611
5364
3836
6265
9987
5704
9213
3321
5273
8754
401
3907
8133
3571
3376
517
9405
4992
6548
3408
4606
303
7592
7495
943
6029
5310
8906
8488
4798
5642
6692
4177
1557
1331
2252
1574
5669
5487
8886
9004
404
290
6556
3541
4149
3438
2397
8623
8329
6575
5835
8593
5449
1910
8257
4351
6936
5506
1096
484
4543
8312
2931
5714
943
8900
5724
5347
4851
5102
2703
6485
3524
5248
5518
4229
795
3546
6326
9823
1955
8316
1221
9755
7717
6222
5028
8194
8291
445
3915
3836
5126
5818
1493
6212
2303
9344
6107
5823
1744
241
1903
7092
6388
9661
3877
3041
3352
6598
7649
5861
4698
3126
7931
8095
6878
9076
5818
4998
1203
3556
3913
9882
6735
8264
41
661
3911
5501
4829
7708
1868
1949
5824
177
4990
7836
926
433
4490
9946
6952
3945
8988
6069
4892
5053
3987
7966
2061
7425
3914
9674
2717
1637
1965
8100
3003
1378
2372
3221
3066
4029
6915
5928
9075
1011
2503
2604
531
8235
9480
6807
3740
7202
941
150
591
2901
1787
6372
2925
5467
2520
4900
6648
8805
6834
2793
6509
824
3960
6844
1986
6767
6403
826
7084
9232
1246
6422
2002
5901
8472
186
2623
8759
2947
3043
4564
6617
7608
3305
2117
6146
4179
8949
8847
5288
4317
9988
5818
6929
8456
7184
5494
9997
1826
9025
4163
9794
7145
4977
3461
9282
1270
9286
1996
8306
8764
6317
1394
8277
8769
5346
7190
5707
2826
6
3887
9194
366
5176
5256
914
5487
1999
5474
5518
3302
9939
4057
6411
6696
3291
7714
1872
4605
8426
5220
1175
1097
7166
7205
3938
476
1185
1348
4322
7383
2080
4896
5349
2436
1859
640
7613
3361
8978
9537
988
8725
5797
3007
7507
6428
4323
616
8581
1914
8460
4303
9908
1692
2641
8652
3019
6224
8667
7756
3280
2476
4857
3176
306
513
4218
4216
8296
410
1213
1260
562
5416
9941
5304
4664
4865
71
1944
1985
5613
687
6085
8330
3924
6373
4423
194
698
4326
6344
4690
1644
6049
321
9856
637
2277
2086
5988
8822
5181
2934
8024
4273
7613
1343
3565
6992
5181
8764
1088
1871
3272
916
8126
7881
7804
9223
9766
5170
5434
3115
3674
3057
6258
2836
9034
928
9572
4143
3296
983
1222
807
2423
6421
9246
8186
7447
1212
3043
1300
2587
7890
161
3838
7906
7953
3915
278
2563
5405
4536
1949
3068
7721
6318
9256
4634
111
3311
6501
2730
8311
6517
2828
6207
2360
6257
2611
3043
8817
4402
1305
4623
1678
2496
8270
4781
2925
3456
6321
5313
2055
6492
8915
614
199
7155
9768
215
8543
7047
6428
9522
2599
566
8892
5860
3622
9337
6675
9031
5943
8454
2928
3050
4320
2529
2187
8437
8557
3674
9094
2536
3564
8021
9072
8666
1820
2142
8326
3611
1737
5841
9774
6951
9850
3169
3582
5031
6915
9243
5767
6985
8038
6458
6083
187
4762
45
6799
7703
2676
9540
7334
924
1568
9740
5779
6376
6390
1945
7273
6942
6387
3925
909
4167
6614
4900
1414
176
774
85
9168
4817
6823
7831
2322
6082
7080
1269
7740
9627
2766
5477
3273
6228
8793
703
2499
4402
8411
1886
4459
9124
8896
4874
5148
6508
8827
90
4584
8689
4717
5123
3102
2725
9754
8758
3198
2271
257
289
8741
1047
6052
9593
1629
2642
9456
5447
7110
2099
3785
1787
2861
879
6395
4268
3686
8328
3151
2304
3209
9536
888
5054
6299
1643
1988
3292
1141
8037
459
2969
7819
2661
2089
405
1104
4690
2169
3527
8707
7215
3037
8333
2701
2241
279
4859
1031
8315
807
2319
8070
6392
8213
8804
8047
4189
843
6958
2819
9172
5810
3365
5954
5603
7850
6067
8372
1606
5333
1562
6910
8095
7020
9916
6065
2573
2222
4236
4931
7316
3917
8601
5860
3274
9047
6820
8752
8106
2760
2858
5017
9232
3667
2642
8273
513
5316
6105
4580
4224
5045
7774
3673
8373
5130
3998
4024
3067
2707
4993
8810
8657
4341
287
6926
2677
8326
6859
2990
2217
2772
273
2997
3303
398
489
7729
9110
1559
5637
4335
4359
5493
9030
7589
4169
6024
6956
6251
1764
2052
7394
6699
969
5014
2663
5513
6209
5216
2280
5071
4866
6457
5767
1373
4256
3652
9036
1288
8265
1337
2108
7207
6694
1859
379
693
3789
823
6442
3142
1057
3935
4538
666
3505
3784
5139
2509
7724
7267
2837
7088
4869
4412
6792
7477
1508
7140
9270
8603
6570
2174
4515
1712
3164
5721
7100
7777
9922
8834
6231
433
7703
1417
29
748
3965
9751
1730
688
8957
7058
7967
9477
4960
9206
7787
7229
2283
7906
9949
3202
3416
1954
5136
1817
9839
2950
9237
8188
4334
5757
3581
6321
5332
5471
8135
7382
8821
2104
4036
2454
7661
1352
2581
4076
7739
4849
8789
3508
5370
6107
9021
6167
558
9005
3761
5928
6312
4112
8641
140
5069
4404
9079
1084
9457
6005
6461
6341
6134
1458
6718
88
8241
2743
5357
9676
4119
8754
6527
7019
7385
7284
7539
2317
6194
4690
4418
8385
7583
7367
8516
7519
6146
7903
9002
9195
4986
5386
1111
6159
880
3695
5477
8489
4887
3810
9533
84
4272
6198
8035
9663
1529
7138
6074
8886
1534
8493
4600
3456
8441
3873
5454
9189
9752
5419
164
3949
6228
4471
4355
8067
2769
6298
7532
419
7209
3762
6190
4674
1078
7285
6749
403
8846
8810
3636
6709
9872
5606
6998
1833
353
5683
3977
801
945
365
7273
4575
9405
1126
4796
8425
6573
7191
4603
4247
8374
7596
54
1448
6069
6413
1113
3641
1989
2650
9087
3902
8159
7019
3727
9624
843
6146
3581
9095
4849
1110
2786
5860
7661
1255
34
3650
4942
6077
8382
4194
5739
7741
7775
2589
7884
4229
5682
77
1472
8496
5058
2044
1076
2109
3053
9850
5385
2808
8275
8712
6348
4200
9258
263
8574
2324
1834
7652
3729
8275
8517
3078
3987
8208
8731
2522
3206
2101
4726
88
4436
450
4364
4857
7604
3722
8626
6434
1778
2813
8623
1498
2288
62
4200
2542
4161
9389
3791
1762
9813
1060
3089
7554
759
1248
8307
8464
216
9074
8333
9589
5905
4151
8922
9389
100
5768
1204
701
7041
802
6283
8310
6174
1224
7427
6865
3393
3616
1495
7165
1420
2498
1590
5862
4792
6494
3693
3490
4540
1336
1014
8407
2547
6552
1162
9697
5864
3304
2882
369
6788
9313
1049
3324
5363
3027
920
6433
7201
3313
5201
9834
944
2784
404
8071
6554
2614
2175
2079
7694
4181
2803
1149
8934
8194
7952
3024
1218
5126
3824
1041
7120
1684
394
841
766
6833
1170
5601
5988
7450
4989
7956
275
8083
781
8822
1373
1465
1923
8179
8030
6469
2864
568
6302
7982
7006
8488
8071
8851
1488
207
9007
7451
1509
4594
9041
5741
4038
4492
9637
1686
8436
1871
8614
6865
9318
2570
5080
4739
5282
5761
4189
7594
5594
3440
3810
464
5801
8256
2998
8510
2357
3727
5172
250
5842
9555
7294
2804
2108
6121
23
6898
778
6496
2797
8744
940
1334
2138
3114
4567
1873
1042
6941
9224
8924
2300
5598
2998
1230
8805
4636
6165
4835
9476
8215
6146
6239
276
1734
4535
6011
6020
200
7576
6263
124
5816
4374
4936
6280
7906
349
2201
8141
5854
6926
9437
556
1038
2354
9229
8610
6847
2626
5628
8806
6881
6011
7516
77
119
9407
4316
1013
8474
9885
2547
3671
6497
130
3745
3639
5218
2250
9123
665
2097
414
4021
4067
6898
9137
5667
2408
8940
666
1061
7455
4583
1911
7911
8325
5138
8592
433
2908
4390
1919
3598
119
1859
979
3926
8389
2593
2233
2266
2866
6813
6049
4213
6282
3039
9045
6738
6146
6474
148
5442
4009
357
7745
5416
886
1769
5092
129
6638
4938
1214
6976
76
4471
4932
5179
877
8161
390
1562
4022
3996
3439
2412
2373
8834
9622
5098
3296
6860
6099
1426
732
4339
1873
5795
5057
3507
2902
5156
9179
2448
1298
4476
895
9734
718
985
8256
2290
3237
2807
6874
2443
6550
2752
5494
5451
4171
6043
8924
1950
5444
1506
5452
669
6664
9388
9264
5573
9355
5370
7054
8117
6855
9566
2001
9721
5763
1352
7622
1739
4505
5715
8584
226
7302
4468
5541
624
8172
6195
6269
3123
6229
2014
5943
2887
532
423
5264
627
9985
3353
6345
8035
1391
7316
2711
9514
6666
8057
1648
6305
8426
4475
4175
1649
1676
7767
411
5930
8199
4680
5808
8872
9354
9608
6809
1834
2478
8816
2836
6983
5872
1527
5203
1711
7400
6830
2556
6042
2183
2388
6719
7975
5530
812
2482
6715
8316
2194
9762
6565
3335
6811
6830
4897
2798
271
8875
6058
9132
4485
6981
9323
3500
1780
8860
3095
9033
6176
4104
9418
8701
5394
3567
2579
933
9535
4598
3086
9636
7505
1272
3617
9086
272
1514
6685
8349
802
1064
4705
4294
4150
7619
1905
7111
7579
7133
4109
7257
9821
8282
6779
8215
625
404
3934
5129
6603
4820
545
5417
7035
9404
8844
3802
3794
1491
4605
833
2811
4787
2927
973
643
1788
4281
3556
8593
4439
667
7529
8560
2200
8622
8813
9376
8561
501
7279
9674
4099
7965
8919
3566
6655
1949
7585
8343
6927
1492
9841
9215
825
9781
5932
4716
8339
9506
9650
7808
2302
1202
9958
1949
9469
7642
7649
8433
617
4530
1005
1167
5985
2763
5476
7696
7329
354
3716
798
8087
2737
3961
3231
8716
8627
6725
9344
5132
4853
2025
1153
4364
7694
1970
3234
3028
72
6423
317
1039
3717
2679
3817
5075
2871
3607
8711
3784
1476
2560
132
9412
8873
7501
9868
8639
27
1239
6533
8738
5026
9484
9612
3894
9191
3476
6787
463
9518
9361
6024
9312
5345
2215
8729
7962
1192
8612
7950
5202
7502
7991
6097
6091
664
9722
9924
5796
7154
9737
6629
6633
7872
7855
3848
3800
7840
4538
8034
1831
3298
3690
278
5578
2944
6359
5939
6677
2571
8683
4677
8844
2668
6300
403
3129
6692
6564
6480
7301
3680
9397
121
1894
2594
7343
1318
9135
7406
5534
5890
9981
1281
2622
9264
8770
5435
4482
7466
4645
3249
3503
4450
3807
3026
7617
400
6924
3446
4878
3892
1563
4187
1353
1949
400
466
2383
5896
2109
4302
9825
7685
3377
7223
826
884
7243
8783
6867
2875
5123
2832
5350
9989
7292
8730
9827
5259
9338
7910
9149
9287
170
7063
239
8314
525
8040
3998
9992
9599
1113
8920
6603
1423
2607
2412
7488
1914
148
5506
7326
2153
8751
2701
4546
3355
8804
4980
4657
4268
2650
729
6556
2274
9899
6225
5977
5341
2867
4646
9166
3158
2620
144
1607
2277
2979
1407
1132
1893
4532
7386
2137
4008
3226
6337
7772
4173
8417
8214
9954
6720
3402
9565
2850
1477
7398
9561
4074
7309
1704
5580
9255
1525
4328
6799
9876
3185
6787
4733
1310
2619
3933
280
7836
9137
2731
7943
4090
3799
8666
9168
7877
4381
9159
8424
7572
5216
1766
7620
8418
5479
1228
6695
5984
5635
3491
839
1731
3292
6718
7687
5206
6496
8995
1042
9722
4617
9951
1216
3562
4428
8842
5896
6704
1687
4762
9628
3871
6644
5620
4435
8305
5190
1251
8888
7093
6128
2633
8025
8074
8973
3537
1919
435
6025
3154
6396
5917
7097
8251
5463
5257
5148
1212
1286
4940
6404
5986
4274
2638
9019
7383
2740
5824
262
431
8906
6949
3360
5581
5601
313
1648
2424
5910
288
9443
9297
6226
7927
6243
8636
1712
3123
3209
8290
1977
2504
8691
7125
3972
9001
2588
9187
8517
7662
7696
4486
6704
3672
9912
5983
2453
2795
8110
1813
7951
1476
8851
8903
9367
3695
691
9213
1306
4352
7776
2617
9771
4406
2680
1085
5064
1314
3970
7274
8029
9408
4874
6904
5294
8746
5599
8339
1778
7741
3346
4728
1622
4372
857
3699
1897
3161
6490
7157
7016
255
6192
9032
5552
6934
541
1969
5361
2658
8041
4894
7367
2364
9249
2160
3103
9146
4982
1522
6251
2674
5856
2622
3768
5761
9704
9810
7929
6316
8050
3172
6639
9624
2737
9450
5700
6330
9061
165
3366
4828
2323
7708
4487
2850
551
1427
8824
1953
7375
4807
5689
353
5479
1716
4984
4076
2910
4406
2900
3759
1593
8452
9101
4609
9887
136
1011
9977
8712
9936
4
4835
3860
1685
3754
4010
5477
789
8769
1475
9356
6395
7217
1203
3715
1835
2583
7148
9397
4858
9362
9754
1092
4147
3064
9079
2077
1483
8106
76
5225
9503
2850
3893
8614
3507
2983
118
4892
1954
6725
8863
9779
4436
7935
8248
6542
7746
6084
2451
130
382
5276
7789
6728
3327
8028
9498
1954
281
3356
9831
3660
3640
2861
8916
3338
3465
2976
3388
3527
5464
6304
4234
7280
559
84
4540
9748
2999
5187
9840
1254
6195
4798
8629
5830
5439
7932
8290
9146
4503
9289
2127
4984
8755
3600
6515
9971
862
9568
3275
2172
6415
5801
1287
288
5893
8712
3095
6743
6258
251
6800
9720
161
1576
873
6324
3275
7262
9711
1513
568
3513
716
5135
482
2965
9486
2517
1913
8165
8287
2378
2661
5544
4425
9536
9597
1840
9321
8889
149
5273
6191
1430
1946
4535
4014
2685
2434
9652
8214
8912
3127
128
3896
6600
3768
7422
5809
6431
144
786
291
3652
5536
7747
8371
3070
9880
3126
5952
8317
2588
3366
6487
1864
4662
6173
3992
4378
3283
8988
9323
9455
7331
3644
694
2488
5461
8727
143
503
9295
5604
1314
3153
3059
8867
292
3759
7532
7034
476
3254
624
4738
4525
9219
9025
3349
1252
6805
5424
3009
3000
8270
3612
5395
9544
3098
9395
3160
7813
1245
8718
8987
2859
7894
5650
4455
4412
9304
1943
6500
5071
5840
6777
7173
748
43
9998
574
1301
4761
4651
9415
9513
8759
4955
2458
9476
4993
3984
3251
1313
9775
1277
39
7702
9433
4345
6509
9134
4749
9634
3095
9036
2456
7875
9004
6946
7369
5949
5806
7766
8370
2418
4469
7805
6359
6672
9067
3789
2573
2305
2007
9294
1199
3752
7641
4205
1074
1507
3332
6660
7488
5282
9693
3719
6539
6390
4596
6505
1350
293
8734
7945
1540
7798
4098
6368
4801
8682
527
6238
2149
4686
9646
8062
6499
9735
9992
3123
7565
4036
1877
5112
4779
5240
5639
9952
3913
4279
2324
7149
2392
5650
1576
872
2907
1949
7500
6605
4871
283
9636
9715
8511
3796
2818
5568
6919
5034
6649
6904
7293
9088
2611
3144
3750
3569
4408
7981
605
9321
5048
6182
6795
489
2365
7866
9282
5076
3243
8704
5668
7428
5595
7431
4002
2233
6341
7906
843
5569
3071
1503
6981
2282
6859
7069
3913
560
3782
9901
3168
3954
3097
8235
4878
8285
744
5593
1603
5894
7876
5
8366
2502
5427
6593
93
2610
7422
8306
3189
7780
7655
685
8888
8418
6664
472
2167
3758
8506
4581
1506
6612
9743
5509
1624
9164
6253
1619
3373
3588
7024
5872
2471
6594
7892
4594
1450
143
2393
8627
7285
1517
1283
2833
505
4685
7137
6336
315
1492
5458
5103
4195
5566
9182
521
9808
4054
9124
2468
1618
2280
8996
3057
4582
4276
9905
7687
2512
7742
5934
3352
9260
5451
9359
253
6751
6379
1312
1653
5069
8896
1317
8689
6302
5261
7011
1344
5632
1340
3569
4181
325
7991
891
5575
9653
877
5448
2169
6560
3593
2804
6083
4927
4965
6351
982
4670
5110
7500
4550
563
6437
2725
9134
9712
5150
3209
9356
6863
6007
3571
5369
6396
8103
7196
3068
4750
2258
6990
8066
7288
1254
2070
8532
9166
2563
2831
3094
631
9520
9141
3904
3360
938
8956
1736
5950
1036
7611
9479
3468
1298
1177
2771
8092
3319
890
1678
5310
7087
9402
5309
2878
2234
3832
2021
7811
761
5020
1507
24
8494
7158
1462
9963
9106
7081
733
1499
8911
7890
2930
744
2859
7290
9310
5980
2133
7055
7414
3904
1615
6370
2421
2573
1088
8455
1468
2032
7498
6822
7290
9457
6873
4811
6463
6824
3556
9633
9227
5627
1289
38
2456
4957
5391
4956
4652
6382
7786
8968
2022
1495
6953
9317
7695
5745
3002
8299
1889
5225
4026
4373
9470
1452
3665
5051
2752
2856
1338
4775
1621
705
6049
1336
88
1476
1801
5157
8260
7321
7732
6716
1353
1197
8844
8812
2877
3471
3879
1942
7389
2391
5320
3076
9335
1645
2761
373
8404
4441
4959
8964
8549
5033
7767
5843
7377
5406
4853
5102
4952
6969
5604
8289
6234
4535
9942
8493
9346
2604
2931
913
2653
2023
2969
7145
7246
8479
6147
5167
7840
2938
5910
2119
4308
8161
1560
2365
8143
4725
1317
9020
2957
4593
5668
3193
5836
208
4583
1476
6800
2345
7764
8917
6945
492
585
1644
1941
5409
9615
575
6448
4697
694
5287
6790
8709
9422
4940
3717
5918
8618
1448
4473
4004
9795
8546
3543
5343
6065
9277
4431
3317
1966
3570
601
8931
1697
7030
2340
5589
979
1846
7701
3566
9347
805
9912
4695
9059
5814
687
2111
3989
3023
8720
9504
6919
7686
5322
9261
6422
3225
4615
9135
5198
618
4020
2617
155
6195
1855
9078
784
8183
2776
5900
6469
4972
8549
6349
5230
920
1139
3707
6123
8774
7503
4331
5002
1273
590
9730
8697
8378
9084
477
5778
675
9163
2862
3029
4001
5194
2533
5524
5102
2674
8074
4741
3211
5964
1443
3584
7857
5406
1518
9318
8910
3261
1610
5495
892
5587
1733
1720
9941
7616
1663
5768
8444
3542
1391
6010
9330
7670
1407
3349
9284
2840
6490
960
7735
3744
3109
6997
6367
7305
2405
131
2117
9631
7797
303
5158
9241
8718
7383
2178
9213
9719
8569
4449
6720
7230
1308
9616
7005
4646
2282
5929
278
86
4557
7717
4226
162
4412
1313
1888
7408
6528
1342
4498
8627
1245
8319
1540
6367
413
9835
5782
5954
9000
9266
9299
6093
8058
7893
7639
1887
932
8607
3177
5350
8626
1950
5432
9924
2175
8163
5685
2383
9535
2089
5557
7564
2021
1357
4400
8850
653
2046
8317
32
5892
245
4418
2261
5214
2333
7535
3156
1704
1616
3022
3825
3448
4019
8500
3543
7873
959
9442
1134
7386
3208
8366
6743
2671
5596
5034
7587
7830
8760
5583
6543
7175
745
1747
2973
6953
8287
7486
1061
6514
4830
9221
2122
2518
9961
7616
3818
6673
2807
3375
1053
2176
185
6905
424
6541
8803
1822
2507
8835
9648
5294
4074
7462
1858
3979
5305
575
2824
2921
5497
5002
1058
6219
4429
1069
8437
2444
5520
160
8844
4905
1251
9009
936
6631
931
9741
3789
2678
5808
7500
5524
7799
6787
8141
6640
5826
5560
6903
1779
8216
835
5244
5895
3117
7519
7097
3394
3060
8216
7672
1726
8908
3191
7651
4096
36
7108
3116
9520
5922
8217
6868
2261
2257
8483
9964
6838
5514
1149
3182
9285
3494
5624
6964
73
5795
8263
4887
9233
7382
1588
142
9600
456
3829
6680
9809
4703
5261
6700
4712
3648
7750
3973
7203
5327
9181
8128
2121
8774
4977
8482
9821
3935
4788
7250
4319
1529
3635
1040
8472
1102
3258
6433
6586
63
1242
132
3023
3862
2604
6686
3939
7594
969
7112
8086
2344
4188
9871
1805
5338
2330
1598
2750
1584
4322
8764
6706
6109
3228
2996
1917
117
9111
2178
5754
1430
2767
6658
9277
9448
3212
4884
6237
7506
6747
5624
4451
1000
5670
4554
9084
7933
255
1447
9358
9654
8490
456
2508
3460
4258
59
1324
5463
6112
1115
4605
1683
5634
1170
2991
7655
6463
687
6204
2016
2524
2162
1561
7531
6726
6254
7757
3777
9447
9974
2401
9337
9521
777
6550
7758
9079
6926
4566
743
7637
8927
3045
4128
103
8992
8263
6998
7987
5532
7610
2004
3067
7471
6816
5393
7958
8845
1459
8568
8638
7547
8141
9108
9809
3391
8068
8055
5186
9709
3300
2063
1285
9581
3867
3483
5094
2514
2156
8863
3115
9864
9491
6470
1730
7662
8671
6446
6548
3594
5386
2985
1475
860
887
6529
6608
5389
8055
5392
7732
4460
3132
459
9210
4164
5729
3632
6328
335
487
568
2823
2598
4762
902
4215
3986
8049
4638
7824
9242
528
1677
5908
3335
39
2563
9228
8002
9120
2422
4535
8200
6284
6832
936
2219
8633
7864
6956
8922
6123
920
2182
3084
1314
8148
4832
5114
2261
2181
9338
4597
391
4758
6074
8018
9627
8373
8737
9812
7839
5528
3583
2441
6758
9380
8682
5587
1899
1617
698
6753
9768
8266
1304
5565
5622
1780
5255
1906
1420
8238
7434
3616
233
1802
6683
2983
353
4633
154
2468
9610
9441
3053
9214
8004
3525
5186
4744
4652
7725
7477
972
3256
1059
8789
6147
8844
1967
5786
4693
7353
103
6322
3002
8787
8339
9904
9232
4131
3335
7147
8896
6003
4361
3814
9592
3086
4351
4025
7637
8793
4161
1549
6537
5341
904
7673
2256
5428
3846
9113
3048
5026
6879
9651
2281
2491
4845
4743
1094
1128
2092
9232
4012
4620
5576
4436
4715
7347
1530
2437
1022
4479
4280
2146
7875
9990
8125
3877
4602
4216
8385
6571
8061
6452
5667
4580
6398
2219
8239
8938
9125
9307
948
1469
7938
1443
5578
8707
9320
3574
6758
6646
4303
8106
9562
6605
3023
7172
9814
7148
1646
2044
5756
6899
7118
7109
240
8350
803
2506
5877
3334
5511
6465
1683
6658
1712
5687
8686
5635
7760
9668
3683
9679
5871
2781
4861
6002
289
6147
390
4516
6556
9847
1205
7502
1174
4861
2230
7360
9036
3278
2045
8773
1967
4777
9620
40
5501
7160
8166
1961
2534
8806
340
1695
1940
1306
6146
3292
7394
1263
4658
6230
6676
1264
3420
8211
4529
1366
4808
8732
2817
4081
6953
5481
136
7834
7934
6491
9316
6109
5844
7170
5312
2108
4081
2802
7884
1653
742
3939
3130
242
3360
4216
5486
3742
5398
7542
7102
5997
8863
4391
4637
808
8231
4945
4492
187
4452
219
6221
5577
4231
998
457
3805
9006
8382
2077
4944
80
9054
1501
4973
1240
3016
7066
2134
7818
1454
9208
2258
1689
7632
2839
4930
4922
4305
7737
9386
969
6964
8050
6258
1141
3445
1055
8901
5895
6913
2233
5930
4940
1026
8384
4802
7591
3242
3057
4811
4907
4613
8834
6698
8162
2195
9211
5221
3977
3236
8705
521
5045
8693
3619
3848
6808
7282
7437
3345
4640
288
4236
5968
3190
1660
671
2325
9321
7516
2125
2259
2812
4148
1411
328
4423
3834
9073
1991
9244
3333
2761
3266
4320
800
9437
8898
3505
3061
8206
6690
9179
6644
3487
8500
37
2812
7923
1676
6502
8924
1927
8183
464
5912
2095
2538
4062
4396
3864
3811
2972
9994
4700
1414
3316
1797
2921
9171
7668
6625
3760
7265
4921
5677
8736
7033
767
9522
6520
9321
431
1959
3566
3115
2955
3243
536
7511
6794
8385
6230
6742
9797
6808
4150
4924
2744
5520
8105
4492
4510
9121
2323
9838
8686
6469
8422
5616
5988
5647
6312
7347
4185
5970
8565
512
7400
8222
8159
3141
9647
2039
7613
6064
3238
2438
3469
4461
1310
5820
3860
4103
5142
9505
8463
5781
1130
7809
9512
1817
9380
2002
9768
9253
5679
1110
8317
5365
1311
5432
7935
2447
641
4903
8339
505
4692
6
8150
8432
26
3761
4600
6516
6191
9554
4123
5740
1680
1012
8836
2206
7933
6987
3626
8244
3220
6781
6061
5297
3461
8221
6658
7491
4969
3898
201
8970
4930
8977
9716
2533
9011
7321
3498
1867
1921
1375
2145
4797
5966
5249
6926
329
4695
9729
3047
8017
3568
2583
1334
4170
7258
7459
9723
5792
3677
9895
1555
9769
8087
9546
1125
1789
6802
3583
8200
6772
8852
7417
2293
138
5748
5362
4356
7190
4012
5711
8261
6056
2487
1760
6941
8187
6615
2801
8398
9245
4851
6789
4903
2341
8159
9519
4668
5091
2157
3440
9033
1673
2877
2977
9781
1218
1355
2189
578
4227
9278
4909
3719
9422
7806
7150
8413
4499
4311
6440
9599
5533
7293
3066
6980
1493
7997
3702
2370
2241
8365
8785
9724
700
8885
1214
6300
2430
6611
5385
5258
8791
3175
2430
9745
3044
4975
9627
5975
2302
2870
9374
8169
2047
6707
5883
1345
4116
799
5783
8890
3493
50
2212
611
4021
2874
655
3536
8266
6267
8747
2118
2125
417
1640
6684
509
5120
9055
9003
6446
7924
165
1649
2298
4378
7633
3466
8425
4108
2717
6921
1590
2479
9215
4351
2693
6577
5206
9206
986
5938
8036
5272
9844
2996
9804
1553
7354
5602
7729
2994
3536
4084
6192
7558
4838
8353
5020
8311
5679
6301
1613
5094
6310
3369
2880
4142
6020
4577
6664
5573
786
4526
1294
8063
4911
7926
6220
7194
6857
3069
6327
9020
539
3310
7418
3165
4671
7126
634
434
4412
5589
9115
8373
1505
7192
1086
4426
1404
3926
9724
481
8459
9160
1672
4401
3115
7486
2851
3920
8328
9018
2355
5700
5880
5777
2649
7764
7173
5817
7019
6562
7167
1505
3291
957
4640
1985
6202
4111
6699
6268
9489
870
564
2621
2752
2604
1054
1964
7464
3667
7899
7851
1094
3657
3053
3250
8290
7453
4503
4853
3248
685
9713
8904
8014
1684
8837
8650
7284
2276
5064
2452
1481
8812
7094
3279
6366
1730
6608
4904
9260
6648
1817
7427
9048
2480
6723
4946
9605
2406
4526
1153
3992
1642
2787
4452
9849
1927
7415
2769
4772
6390
2318
9657
4150
29
1638
7520
2920
421
1920
844
7014
497
2233
2124
9892
195
1326
5908
4483
6651
2223
1805
1098
3210
6311
5625
7436
5995
931
8906
7686
3021
6791
1007
3886
4921
4049
4683
4217
8238
8878
5569
9705
1926
5495
8392
2917
5218
2175
7873
9691
341
3611
253
7656
6693
6126
2199
3379
4038
6721
7411
3326
1051
1682
7694
2522
2092
5609
4486
8777
9498
7085
8846
9653
869
2937
2812
3979
822
9065
2640
9635
4535
2155
4974
4572
6007
3223
246
8624
7441
940
3733
9467
7388
9906
3594
7354
4372
6698
6960
9662
9613
4347
9676
8155
7137
4170
2651
8948
2104
2373
7941
7622
8470
7688
661
9645
5270
5466
8629
9349
6727
3104
224
9057
5178
1454
2386
3641
7349
6955
4881
4797
3929
9644
4031
3616
9568
2877
8920
9650
5440
1665
5810
9619
9337
7825
1908
9131
8889
1821
7993
6348
1959
3132
442
7415
4521
3241
7172
9621
387
7950
8704
9793
9062
8613
5104
2189
7674
5097
1930
2320
454
6796
3448
513
4557
1879
9386
1823
4149
9090
2263
6915
5639
886
5963
1927
5680
1464
2600
4019
156
8343
3989
3265
6737
1526
6050
905
5795
24
9347
8545
4477
1517
6599
2869
6554
7277
8527
5621
6300
1134
2637
9226
8107
8210
5686
4244
4797
6454
9476
6056
6656
1558
1336
4663
125
3766
5232
3309
9748
3291
6752
8715
9515
9576
5415
8190
36
8479
709
6599
6144
603
4077
9230
5444
3475
7637
4980
2103
28
1887
7958
1742
5942
8818
4585
2683
8808
3963
7597
5979
2765
696
7965
1705
3323
2823
680
1763
8387
6932
587
125
3166
4307
29
9871
8618
3280
908
2634
5343
6821
9971
152
7435
6910
7605
9488
3696
6751
7248
3208
6837
4256
4629
3283
4813
5400
3501
2828
2269
4003
7235
2915
4238
5307
3762
2649
8682
4319
4655
9443
9252
6285
7862
3027
4735
5922
7593
1079
7023
4043
4160
6587
5213
5091
1183
7045
9408
6738
7531
3430
4170
3217
6588
2504
8209
7304
5996
9480
3858
2008
6907
9310
7155
1923
2937
3942
6963
5929
5540
9794
9408
7472
4287
4344
2205
6001
7691
3311
1884
3314
2629
150
5830
1540
8160
7785
173
5270
2603
8409
4027
8958
1096
958
353
2137
4546
7429
3830
9206
9874
8603
6477
7597
5767
6939
2523
7983
7756
9387
5031
2859
1389
5726
8098
5287
2503
8644
155
7911
9150
220
5800
3440
607
5767
5902
1706
5094
1
8305
5156
9291
2455
4336
4147
9566
8709
9564
5786
6966
1527
759
5228
5406
1330
4851
6307
5284
8547
9841
9169
2780
1342
2058
6195
8467
983
8965
3902
7553
3680
1777
7744
8069
2107
7558
8770
2605
2020
6205
5969
3840
9397
3699
5769
4028
1340
9408
664
3851
9631
1805
2207
6603
9244
3995
9739
9548
5432
7670
5115
5466
2021
1723
5427
3896
468
9654
273
3397
3922
8091
7457
3276
3038
7311
1190
5624
619
3447
9816
6311
284
1241
5910
6573
339
5659
172
5263
7737
456
1967
5465
8638
1875
3587
8189
1433
6053
2366
186
5292
9430
4600
2499
2331
2481
7933
1338
4287
8419
4302
3097
5244
186
3878
877
384
989
1481
761
7024
5934
932
2271
8229
4884
9462
8919
1224
9585
3909
1576
2490
1283
2726
9507
8954
8630
3036
1350
1
9468
9918
1047
8175
4255
5915
1820
7379
3363
2349
4625
6141
5236
458
6213
99
7489
9579
5930
2224
8454
1654
9667
1506
2352
6198
4021
850
7316
7509
3638
2725
1841
6402
9969
6765
1862
2031
210
6967
7634
5461
1072
7367
6870
5584
3233
4192
8177
9681
8765
9320
6721
5489
5694
4613
2275
8974
926
9189
8335
2200
5234
2009
9812
8615
1719
309
5956
8930
2238
337
4669
9310
4648
627
4074
5058
7395
9610
7358
7167
6984
8737
7277
6183
8155
9516
7413
7662
6227
7829
8330
6163
5988
1763
8089
221
1769
9795
8245
9007
8871
4623
8399
2507
7425
4205
4668
959
5898
5639
23
6014
2990
9376
7329
5631
3452
1001
9145
7073
5488
5281
1886
7530
4825
2535
5738
9871
3282
499
5926
1841
7729
5802
5348
582
8699
7954
3408
814
6583
5278
914
4216
7349
6655
6370
9596
9022
5089
4658
8286
4786
9171
5145
6878
8505
6281
2595
9884
3683
7064
910
8191
7473
4101
6686
5295
7187
9013
6842
2217
7944
1264
2188
3713
6615
8843
6666
2954
8973
5684
235
9194
4154
3202
1898
3099
2883
3645
8181
7428
3733
1094
1559
6487
4693
1888
2760
6442
5724
16
659
9950
1638
4591
3587
2820
3646
5901
6227
7440
2219
3722
7049
7570
3529
6619
2195
1770
6670
3733
3121
8202
9099
1242
6906
1828
3286
4081
140
6159
8462
9808
9546
5601
7494
5545
5097
1165
436
818
4292
1887
3113
8826
9455
6617
1199
6171
3449
6020
7691
6389
3058
2617
4426
5792
3386
7471
6345
1042
1162
5733
565
6657
9541
9683
1023
7221
2122
7114
3428
3448
9302
4978
4586
3450
5776
3031
4755
571
4037
9900
1645
6968
5070
4478
9914
7755
4067
8831
545
3984
5964
4905
407
3966
2885
6253
3427
1555
3145
7706
1342
6853
9383
483
3776
9536
1600
7550
4529
7465
9401
4252
3367
3614
6587
2167
382
2451
376
9971
3024
2864
7029
3678
4270
8486
5376
32
4112
7843
9893
1086
5494
6135
5320
5006
168
7660
5568
8018
9551
2889
660
5082
583
7035
6802
2322
6850
7598
6329
2598
770
6789
6227
6622
3540
1029
6225
6023
5694
3771
8
1433
2621
9775
6039
8229
6224
8684
7664
4937
5989
3234
5704
4421
177
2777
596
6023
602
5901
5257
7557
2505
6913
4356
9685
4407
9683
406
1632
1510
8942
2209
6393
201
3475
6587
5659
522
7904
9
9524
8100
9712
2804
3701
6943
6002
4943
7467
9765
141
9038
8822
3071
1839
3182
9495
56
5522
3510
1285
5627
894
3960
7013
4276
6490
8604
3865
3389
1706
148
4269
1677
5312
6713
9624
4849
8760
7836
5155
8379
760
9822
9998
313
5521
9978
5170
5373
819
9103
3548
5356
3632
1634
169
9776
470
3308
8229
5035
6711
6847
5994
9996
4271
7268
2525
797
9766
9698
5573
7967
5951
4264
3304
4466
7661
4572
2620
4136
9761
8572
746
6254
8651
3182
3501
3339
799
6970
3187
6190
1427
8377
1403
2260
4029
498
7249
882
6676
7297
9372
1612
4243
247
1079
36
6611
8880
1359
8713
1661
3485
1083
9642
8463
3295
2842
8633
426
8896
4975
1235
400
3311
5144
4553
9699
2224
6513
9150
863
165
50
524
9595
6115
9766
190
4773
8952
3811
2262
6671
442
3260
2610
2618
1074
2150
4179
6212
1899
6870
3841
865
3809
366
3282
1025
4161
6782
8862
4689
9514
5134
3116
8976
2400
6412
3636
6501
9509
7111
3425
3992
8428
3596
526
6237
194
5942
3676
7760
5284
6936
5100
1893
1417
1771
1123
1847
2528
6633
6248
1284
9648
9862
6577
2460
6049
7661
4010
8498
990
7418
3529
2593
8667
5643
2049
1027
1570
4222
8818
8759
325
8270
4164
6045
5349
1176
5476
2061
9143
7625
6772
6820
1883
3364
939
5809
7154
1247
1761
2721
9086
6720
6280
4418
6977
2310
6637
8817
8524
9916
4621
818
8240
1743
1376
3524
3286
5565
9403
2089
5034
7670
3890
5286
964
7344
5655
5562
8182
9990
8536
1778
6788
2138
9959
101
8619
479
4559
7578
4450
8802
7243
9803
675
1246
3905
8817
4662
7648
5081
9833
6539
6901
308
5765
3977
7262
8668
6625
5700
8288
4062
6828
8922
7736
2126
7181
5657
8127
9399
9945
2980
1941
4305
4681
2678
1433
3884
9856
6456
8919
9749
144
3909
6042
1744
2206
1765
6013
7986
2358
4607
1111
5534
7984
9193
8825
6810
812
6806
3941
3072
4252
651
610
7717
8852
8179
7966
9042
9661
1484
5210
4152
6782
2412
7274
3186
5704
2850
114
5749
7160
4861
5500
9498
7211
9725
8772
4210
6977
9790
9440
3331
8049
2070
3735
8996
3986
7969
258
5838
493
9191
4748
3491
6882
5938
7609
7655
9270
9842
8381
4808
1560
705
4553
6237
3730
3105
8304
2891
8199
6190
3595
3778
4129
7580
7817
7093
6369
179
6721
5100
504
8937
8713
871
7911
3101
4756
7459
5113
8359
3110
7792
9806
2401
3927
6655
1913
6919
7319
4483
1759
8804
9946
6370
9056
3427
9370
8709
5732
3257
2503
154
2888
5795
4295
3245
7138
5844
5491
7961
4410
8441
3766
8684
9948
454
827
1662
1686
796
9187
874
404
1495
6220
6436
4190
4427
9849
1125
6592
1447
9739
7463
7532
8838
247
9863
3593
541
6524
3829
9581
8469
3153
6890
6432
2341
5502
4057
1434
5949
7559
3914
5560
1547
6456
178
9209
9127
3085
7518
2092
2769
293
9761
5162
1928
4947
3221
2527
1599
7872
7804
9071
1577
6107
3813
5181
1743
5240
2916
3391
7217
5678
7606
3048
4519
5616
4689
8139
7478
5210
4784
337
9494
998
1687
4001
7014
6950
2505
2384
7566
8727
1956
4618
4570
670
1926
1189
270
860
474
1551
7602
8177
2807
1296
1599
6710
455
7876
994
7098
3865
3231
1127
1408
7919
8911
9914
8048
9541
4253
9731
5823
1444
1031
9341
1776
6343
8608
1689
5708
1513
2061
5314
5393
4423
2049
9452
415
6373
9212
5426
9287
2565
7818
9882
4035
3811
3050
8614
8823
7241
3839
3229
4305
776
8468
6787
7429
8891
3331
8655
7149
5243
6126
3311
170
1107
3585
2583
7191
7253
361
5919
9418
878
115
8664
7098
8527
2021
4055
6708
549
5921
645
1104
2568
7207
3221
7387
4683
8085
1941
566
9687
5407
1339
7168
7459
6428
8183
1901
3834
2986
4685
2164
8805
1456
1541
9762
672
517
3423
6540
9892
1321
8113
797
8808
4924
9294
4346
1190
18
2160
5846
8571
9922
474
4666
8718
1558
3483
933
5288
722
1166
1660
6680
7323
6731
9890
6435
1480
5944
3619
7124
6356
3928
3984
4608
6468
1407
7615
9815
785
4000
6383
702
8445
163
8873
7964
1126
5612
1814
4235
200
4701
6438
7990
8691
2075
4277
215
7744
1171
9263
3972
4815
9640
8154
4471
6137
5626
9304
9962
9137
2951
565
1856
1411
7764
731
5813
1668
3948
5335
4250
4577
9691
6854
4701
5861
3016
1404
7762
6191
9777
8866
2990
2408
3666
1052
1046
2452
4105
3002
5609
6009
4530
5774
9163
6309
587
5225
2612
9816
4969
166
9874
9558
3267
5026
5074
4798
3080
6676
1807
4397
6847
2453
998
3740
7388
6552
6393
5434
3992
4959
4385
2108
6014
4873
7992
5591
439
3185
3143
510
9611
9978
9121
1921
5452
7259
3994
5973
6851
167
201
9786
7666
7739
5034
1767
3757
3026
5736
6376
8853
7772
9134
8000
666
5210
1334
7063
658
5598
3814
7713
3119
3057
8491
547
1832
8982
5786
5695
5453
6866
6547
1275
6013
5683
802
9762
8399
4207
3727
123
2585
6558
1995
6701
4465
102
1688
6795
5659
411
2359
7623
7401
4430
481
9938
8718
2177
9543
9955
4527
9420
3337
3433
4950
8547
3614
5778
3217
2568
3206
9845
5831
7645
969
8758
5332
2835
5446
4514
2976
1840
34
4388
5880
479
3588
6250
816
5309
6944
758
4708
3379
7584
3122
115
451
1845
9607
2496
5183
6460
4312
4898
9747
8994
9846
4862
3158
9777
1507
7798
2173
6314
8313
852
6064
4826
5811
1388
5762
2578
4967
4606
4937
8958
8655
5511
430
2873
2249
1502
2100
8981
7671
3172
7649
5517
848
2550
6274
2012
1023
14
6080
6095
6581
3332
4138
4732
6154
4922
4767
6768
5634
6283
1182
423
1440
1797
7992
1530
7871
7593
7208
5727
1719
5035
8387
564
447
2521
4338
1529
1171
3752
7420
9383
6459
5417
7870
4877
9537
2297
4836
890
5845
3234
2833
1368
138
7081
1171
1049
8269
3814
1609
9885
680
2279
9930
1318
213
2755
449
4137
320
9423
8546
3499
1015
5131
5261
7876
8969
8449
9692
5195
5053
860
9491
3243
7304
211
7088
6512
9834
5007
9484
4125
8482
3023
2364
1182
2193
6822
5143
8962
5005
8257
2109
7771
7328
3784
6264
9895
6738
2534
6701
9137
7915
9452
7378
7696
8547
6561
5007
794
3014
6413
6464
4364
8529
3131
1568
1360
8992
8105
5390
7831
317
9349
5372
734
7203
5822
2407
5666
5433
602
1805
4187
5637
9669
9583
7204
4171
6331
1887
3014
4275
4773
501
6023
5978
126
5402
4926
6371
6530
6085
7158
2814
9196
7009
9827
384
1183
8905
5991
1474
752
6950
9162
9803
513
8808
8213
3335
5328
445
9480
566
1935
5231
2790
2514
9603
2385
3394
8326
7796
4046
2326
5915
3743
6416
3590
267
150
9286
7756
1132
808
22
8044
8720
9809
2609
6766
694
8265
9708
7136
6281
954
5850
7876
3627
4154
2877
5795
4680
5100
4504
4574
7803
2918
5516
6359
2109
703
2504
6439
9057
8478
7278
303
6250
7186
1142
6643
5558
4549
8072
9512
2721
4699
7480
7777
8386
4773
2763
244
1172
3371
100
382
1823
7678
3067
5467
3746
8373
2564
1120
9305
4026
8273
3720
3153
9553
7407
9995
3534
6571
8859
5169
60
6954
6035
8536
1713
4781
9629
8017
2041
5994
2379
3353
9386
9546
1468
941
8804
8599
638
1990
8861
5431
3299
9708
921
9078
9990
475
686
497
8370
8646
1803
6022
1599
4496
9162
6235
1452
119
5119
4038
5781
8602
5367
2655
6064
7694
2410
1577
9683
364
3664
6060
3309
1135
8121
3666
8311
8880
175
9562
6446
3908
1755
831
4284
9566
4190
8852
7774
6362
9412
7990
4141
9638
6005
8288
6955
231
9410
9613
1562
1186
7136
4830
2356
2644
9224
9939
365
1276
1417
9858
9523
294
3477
9533
2610
980
7937
1415
3386
6929
5196
1977
9676
7748
9304
1919
3301
9836
5075
6983
6665
8041
1202
8874
2517
3481
5953
8714
2969
9644
1731
8626
6188
964
2255
611
4364
5554
1498
5699
4514
6455
6598
499
4486
3883
7934
2755
131
4280
8319
2278
6024
666
9819
8709
1333
2812
1115
2981
4501
5003
488
5047
5236
3845
9559
6482
9977
8447
699
2880
7493
594
6689
7655
4542
3046
4632
5774
7646
8
7410
3265
5934
4959
5003
5900
1732
7546
4939
8380
150
3056
5765
3534
6227
5078
9
9598
8390
4421
3374
2453
9954
5091
5066
8873
6185
1170
100
6270
3029
6846
8183
4235
5072
5486
5350
3228
4468
2658
3915
6183
9658
2315
3489
9520
2544
4968
834
1053
5422
1603
9138
3651
4506
7358
7948
5138
5118
4507
3407
6890
4750
5189
4753
5860
4119
496
7063
7353
3048
4013
2134
8771
7563
4744
9097
7754
6945
6428
3838
1686
4642
7738
1665
9356
4914
542
755
9721
7900
1513
4889
7180
9372
5706
2729
7545
7873
9426
7479
3986
1166
3687
5122
7611
5942
8887
1675
3086
9625
5931
9862
5680
735
8958
3461
2518
4782
101
3204
7406
5941
7232
1549
5620
859
1533
4925
2281
9874
2914
1093
5545
2633
7786
6179
3737
9661
5508
617
3763
8770
6951
5746
6674
5375
1035
3141
5071
8737
2874
6891
6219
1994
180
4961
4170
2383
2970
9574
4000
9520
5306
8084
1333
3811
6774
5221
726
4111
5723
4775
7219
3614
5914
3794
6357
5588
3142
5203
9349
6107
8654
5381
1659
9153
1731
1663
5308
630
4681
1040
7428
1687
9669
5339
194
8541
8291
111
179
5461
1633
4102
8363
9994
645
3734
5579
4630
4115
2306
2001
7106
4259
6797
3424
2345
8000
6065
1575
2604
5390
3032
438
8848
5298
9980
5686
5578
2478
501
9697
3393
9464
3811
372
8411
1315
7185
7950
5346
1212
42
406
1512
107
8906
4638
2321
4230
5843
7609
4939
77
4316
8904
5693
7725
5390
3740
8522
9796
4171
3363
6354
5197
1021
7985
4583
3890
4614
5945
6050
1369
4213
1593
9854
9285
6707
3585
2156
1676
9846
4693
5702
4676
6930
4053
6245
1234
9734
2834
8248
1353
5863
4715
9294
2707
3907
3289
2501
6072
4804
9509
8882
4967
608
3654
7088
9124
2523
7931
6240
6987
8490
7792
8699
3275
6893
2323
3485
3865
6991
6654
7839
1721
8623
2232
3915
4392
3353
4012
9989
5755
6816
7157
689
2084
7274
9659
8780
5271
8580
1458
1771
4097
6663
5097
284
7807
7420
7710
1466
4927
475
9260
17
4262
7635
7304
1413
4312
7100
4315
6758
1965
4450
9583
6387
1260
9297
4076
9791
8257
2106
3289
2753
8604
9123
61
8666
255
4638
6626
9932
5006
8859
2753
7075
8950
6563
4719
7720
3826
6398
8083
4964
8313
3208
5756
4830
756
6073
1682
5456
2578
2909
9617
6486
4655
8398
5946
5711
7344
5793
5253
1442
8476
4706
7444
3310
2689
6384
5634
1253
9719
5156
4714
2264
8938
9760
1532
7183
2313
1086
8984
5264
8256
3472
7935
2562
4336
5190
2861
1256
7737
9965
9393
983
8508
5489
4514
9951
2142
6731
3060
3154
4846
1590
7411
7373
6955
3903
748
7788
7409
4181
8132
9044
4922
1536
3764
4360
9551
1269
7301
9909
1740
1286
6824
8096
4581
7121
1183
2594
9049
9728
9835
37
1257
2378
3974
8119
5404
3027
8837
7536
6024
6341
3334
5643
8381
5191
9881
3038
6410
4882
4194
358
3490
4644
2153
1488
2490
9975
8380
1134
8049
6328
9106
9228
5842
9307
92
2004
697
9074
8919
9733
7898
6963
9777
4108
9688
462
8048
4029
2112
8645
1435
7179
5658
3902
4169
6156
6857
7413
901
2192
7005
5150
7306
6515
8457
8424
5128
9254
8563
8005
415
8471
6286
3632
5035
7370
6718
1400
3238
6035
4332
9947
6933
5142
6644
2610
5699
3003
6140
6813
81
4051
9824
3820
9634
6387
2564
1687
419
8383
2499
1763
144
9496
4227
4397
2995
8423
8239
2665
369
2520
3102
3853
8146
6016
277
7217
5957
962
143
3090
8958
4089
1778
2807
8031
4781
8366
1115
60
4243
4713
2731
5930
3578
3295
2547
264
9007
487
4617
3527
5703
5201
8499
4128
7877
8008
2783
5402
1610
28
4722
9940
8705
7332
1760
1662
4326
8436
5439
4196
8584
9573
700
2704
2382
4863
3883
5090
791
6234
905
7698
3058
1035
2998
68
6914
3611
1195
3086
6288
821
2282
4969
5755
459
8347
9890
2084
5859
9251
4818
3113
9558
2329
1108
6832
3862
6500
8777
9051
6360
8551
2995
6301
4023
7834
4327
1737
377
1876
6517
5722
6422
9452
8189
9481
7468
9594
7760
9800
4862
4655
4047
5045
3698
3109
8597
7986
5043
3055
9601
8854
3932
542
1387
2887
2485
7769
7987
184
815
4999
4001
2142
7119
6560
1111
7946
2322
5720
3972
6639
3951
5419
4931
5164
8528
1826
3046
400
1731
5549
9224
3740
768
915
5926
5
4023
7239
6882
8623
8846
7205
9503
3901
9593
6597
279
2963
4464
6477
1363
4438
1544
3622
4731
8377
1531
7525
8849
8001
7091
2596
1613
6903
6515
2346
2478
1074
2405
8255
6150
3764
4502
9806
1
2592
9432
3745
7438
2527
9137
9987
9886
5443
4109
8809
717
6773
7087
8968
5526
2456
7885
9203
4456
4873
216
6240
3951
4729
6954
806
7265
6964
1124
9508
5332
2669
6135
4406
2196
5746
207
4082
2084
2557
6795
9638
8455
5178
4920
6603
8826
4036
730
9046
3075
3694
4390
5313
7021
6327
4430
5757
7582
1033
5056
1616
557
3566
630
721
7193
275
5484
139
1075
2084
6568
8028
2599
9212
1045
7024
4329
4992
862
9241
6845
7614
1597
8686
1365
1930
3415
248
2377
9539
7845
5752
802
4318
5274
6601
5768
2247
4545
9417
1024
8971
7847
5818
183
5845
1216
9933
3551
5420
3392
7622
8109
258
3512
9470
1384
4806
1198
5598
9391
8620
938
4067
8621
675
6372
6248
2122
8701
9060
1902
128
4554
638
3908
6413
6457
6873
7606
2546
1633
7067
2516
3592
8314
2500
4855
436
4421
3160
7704
5865
1285
2880
1950
3847
4727
9180
5184
3985
2519
5607
7634
6089
6804
1167
3915
2954
2389
3587
6853
3010
7025
532
5021
8321
7715
5686
8696
7563
7934
4658
9940
8088
4223
9008
1247
5941
7018
5419
3773
7783
9854
999
556
4094
3065
5019
2320
8725
3005
2013
3481
5888
5447
1085
3777
2038
2316
1528
6604
6719
4190
5412
8560
3433
7109
3652
5969
8853
1170
3282
3250
6303
63
106
4843
7296
5305
2768
7123
3188
6244
1330
9258
7472
7071
5941
2242
8118
5085
8888
3530
8500
213
6385
593
4897
4414
4831
506
8370
999
9944
4244
8861
8138
6178
3745
9791
7857
8116
6989
2141
1680
5194
1377
8006
6760
5991
8472
4982
1772
8607
3857
4369
204
9173
4253
8150
9704
1447
344
1972
133
6576
7804
3965
9639
3663
923
2095
7661
8523
2900
6005
6080
182
4416
2792
4939
2060
7391
16
7102
7573
3984
3391
7031
7888
1829
1065
2456
2989
5270
1183
4136
5848
8924
4482
8125
3534
4288
9123
7012
8348
2304
620
1453
6740
4803
5794
964
3667
5569
5987
3452
5298
7417
1453
6228
3542
5092
5770
7358
1724
5092
6428
5122
1944
2568
5306
5082
1109
2337
670
8804
4476
5769
532
5618
2632
7778
5735
8988
287
8497
9956
2029
2988
2355
2999
2482
930
3193
3178
6117
7398
7850
4384
8877
3069
2198
3521
2363
6374
2993
4387
4270
4461
6131
4788
5248
8886
6857
4709
6335
5109
363
4698
6558
5114
1779
5259
8634
8019
3063
39
1767
4433
526
7835
4478
6461
796
1070
7111
6804
4943
1261
3230
7155
142
5220
1440
8240
5794
9278
4365
1296
6326
2614
9462
3486
6039
4971
7170
7832
2317
8471
5476
1619
2259
8024
6411
5897
4392
9919
9196
2688
1472
3592
6834
5843
2625
7246
7759
6089
3042
4080
1843
745
7291
2150
539
3826
7942
7616
4215
2827
4647
8010
5851
4321
61
9507
9190
1709
8087
9723
1143
4948
6806
5472
2806
3883
3123
3153
803
3938
8721
7929
813
5345
7188
6714
8152
4837
342
9143
6028
1791
7732
142
743
9168
7022
7509
4478
3287
4582
7993
568
5463
4947
5765
3190
2834
5045
7890
3258
5341
4075
2420
4963
742
2743
6086
2900
9780
6225
199
7996
9217
3630
5354
1560
1252
3032
7774
705
4092
5198
2761
5105
9891
1011
3584
4589
3095
7325
7362
9451
4355
3439
3036
493
2591
5756
342
3812
542
1296
2858
6128
7193
1682
2665
66
3829
7988
8918
5187
9167
3406
7748
9842
2991
5068
6269
915
7038
8563
9216
3412
6482
8700
2743
9489
5323
7875
6263
7016
4210
9072
9848
1050
9785
3913
1674
7694
512
7507
7287
8745
5144
852
27
7248
6448
8477
9868
8631
4645
3684
6137
9427
2120
6260
8102
5788
3400
7874
6257
6931
2144
8465
6279
4495
9922
2932
7099
7347
9970
1143
4308
2823
2756
5879
193
9610
9190
2726
2113
4493
1639
3080
1636
5096
2509
6502
7869
3348
5078
1424
9770
9943
1547
3872
3874
8305
8781
2332
5817
7709
3126
3095
6340
9112
1846
4557
5022
3958
213
767
7898
5797
123
4267
8342
6887
8178
5747
4097
7119
8664
3371
7205
588
9540
7763
7696
5916
7673
9587
6406
51
2853
5424
7033
1664
8875
4204
2648
9504
3906
859
7262
3122
1710
6033
8791
8198
9894
721
5743
6410
1276
2514
6336
234
9733
5768
5376
6361
2425
1461
1185
7535
6171
3763
2176
1510
6935
9415
217
7568
7867
2902
5863
5575
3163
5089
8722
9909
2105
5518
4768
759
106
8875
1228
8261
1297
4266
8843
756
268
1899
758
7023
8945
5530
7054
3788
8256
584
4062
4013
3233
7274
7956
8533
4526
5216
2863
3441
8893
1060
4745
8301
6177
3478
3647
5746
536
471
8553
1301
9218
2434
1050
3383
3084
644
6300
7350
9218
4933
2364
4173
7495
6173
1877
3889
9761
8921
3223
6311
2417
7065
1956
6641
603
622
6982
1642
4960
5021
213
2769
9964
5082
2853
6297
6234
4735
6249
6891
7860
35
322
289
9824
7450
8015
2797
9880
1584
9885
189
3860
6502
9002
6217
3347
2661
2655
1460
9857
7068
4014
6504
253
7748
3865
9563
3980
4856
9794
7564
3886
9839
7814
1438
8894
953
9296
913
8582
8108
4297
1458
6881
2562
903
6176
4487
7272
9044
8450
7367
1862
6361
6911
1771
2123
3228
2908
4539
7699
3733
2099
1184
3199
9568
5966
3202
7358
4158
6142
389
2071
5059
4263
3557
8117
3703
2735
7968
7238
2892
7286
8050
842
4095
455
9530
4085
8576
6291
5960
307
8629
422
2824
4893
7823
6418
3890
9511
2029
8881
1276
7375
6219
6078
2834
7683
5570
60
7867
2718
3228
242
4963
4221
1228
7152
3756
6598
5568
6710
5821
3284
1160
1776
8578
9155
7502
6969
72
6267
1310
4763
1813
2399
8062
5752
1470
1883
407
3626
7150
6026
7781
5880
228
6078
8166
4563
4268
5116
9936
7507
3427
6513
8975
9338
4924
5697
3869
3360
6649
8824
9849
9901
2790
6646
399
4073
7488
4409
3946
6092
8935
8903
1896
225
4108
1941
3444
4290
7365
5480
2022
180
4502
7363
8045
7340
7556
8235
2703
5326
4636
9564
7920
8633
3363
9895
8363
6823
6119
1489
2359
5667
247
2296
9951
454
6577
8880
7948
968
5214
4320
3818
8683
8395
1407
2518
687
6398
5514
2960
1528
3986
3389
3704
3766
1680
3852
694
334
8250
3843
3360
6982
8282
8629
9272
1071
1393
8089
1647
3760
7730
1954
8511
6239
7770
5633
7072
7076
3107
4833
1941
6983
8906
1560
1267
9319
8018
6299
534
9541
1371
1153
9804
4455
9166
6583
6549
2592
2671
9979
2822
354
6962
7791
2523
4639
806
4156
1767
1616
1090
8072
2954
3002
5684
8035
1036
5769
422
7745
8718
8547
3026
9022
5797
8165
9211
8368
6753
2727
3953
1765
9792
3451
3981
8229
48
6057
5895
6430
9404
3947
8009
217
5485
9615
3010
8305
2780
7793
2832
577
9563
3673
6754
8436
5295
2217
8680
9503
4550
59
9782
7550
5145
9765
8260
7056
98
7351
8838
7967
5371
7856
792
383
7862
503
4800
735
1088
4514
5727
709
9160
9015
542
7730
3208
5615
8045
1082
8221
229
9775
920
2464
1514
9562
8351
6043
6872
2542
3540
3
3404
3142
5345
2420
437
5514
400
3345
2245
9250
1736
6166
4505
7767
7049
9006
5626
6745
4562
6073
4615
5194
23
5559
